50
0 47
1 20
1 33
1 48
1 12
2 21
2 40
2 31
2 6
2 44
2 42
2 24
3 17
3 13
3 10
4 20
4 30
4 28
4 39
4 37
4 22
4 48
5 22
5 28
5 39
5 33
5 12
6 31
6 44
6 24
7 28
7 37
7 12
8 21
8 18
8 40
8 44
8 26
9 27
9 13
9 16
10 35
10 36
11 23
12 30
12 14
13 35
13 17
13 27
14 20
14 22
14 28
14 39
14 33
14 37
15 34
15 41
16 35
16 27
16 36
16 38
17 49
17 35
17 27
18 21
18 29
18 32
18 26
18 40
19 25
19 45
19 47
20 22
20 30
20 48
20 33
20 37
21 24
22 30
22 28
22 48
24 44
25 46
26 44
26 42
28 39
29 32
30 37
31 40
31 42
32 40
35 49
35 36
36 38
37 39
37 48
39 48
45 46
45 47
46 47