200
0 91
0 171
0 197
0 99
1 103
1 22
1 26
1 158
1 155
1 51
2 108
2 72
2 117
2 21
3 106
3 169
4 126
4 67
4 153
5 145
5 89
5 67
5 48
6 24
6 187
6 97
6 63
7 82
7 76
7 122
7 199
8 93
8 127
8 103
9 142
9 100
9 92
10 186
10 97
10 181
10 63
10 84
10 189
10 28
10 15
10 129
10 115
10 13
10 87
10 190
11 179
11 86
11 72
11 170
11 59
11 69
11 27
11 176
12 147
12 186
12 123
12 181
12 144
12 29
13 181
13 114
13 32
13 84
13 180
13 20
13 157
14 52
14 183
14 43
14 36
14 156
14 79
15 97
15 29
15 180
15 61
15 34
15 194
16 44
16 112
16 36
16 101
16 26
16 158
16 168
16 79
17 172
17 100
17 92
18 107
18 98
18 173
18 45
18 117
19 95
19 197
19 137
19 139
20 25
20 123
20 181
20 178
20 115
20 144
20 177
20 61
20 34
20 83
21 98
21 188
21 176
21 27
22 93
22 35
22 36
22 155
22 50
23 134
23 124
23 68
24 147
24 28
24 128
24 181
24 32
24 187
24 61
24 29
24 87
24 84
24 63
25 147
25 40
25 123
25 157
25 64
25 128
26 184
26 44
26 36
26 121
26 158
27 86
27 188
27 173
27 45
27 59
27 73
27 69
27 37
28 123
28 97
28 181
28 84
28 151
28 177
28 87
28 157
29 147
29 178
29 114
29 194
29 63
30 171
30 133
31 182
31 146
31 37
31 176
32 123
32 114
32 63
32 157
32 177
32 87
33 109
34 178
34 83
34 194
35 57
35 112
36 57
36 58
37 146
37 69
38 197
38 137
38 135
39 161
39 66
39 162
39 130
40 186
40 84
40 194
41 114
41 84
41 129
41 151
41 177
41 87
42 131
42 111
42 96
43 52
43 185
43 127
43 58
43 112
43 155
44 57
44 127
44 47
44 192
45 182
46 56
46 125
47 184
47 185
47 127
47 103
47 168
47 79
47 58
48 124
48 78
49 178
49 115
49 190
49 128
49 119
49 177
49 64
49 87
49 194
50 184
50 192
50 79
50 51
51 183
51 185
51 168
52 93
52 184
52 57
53 143
54 125
55 77
55 100
55 62
56 110
57 185
57 118
57 192
58 93
58 118
58 103
58 112
59 73
59 176
59 75
60 82
60 76
61 186
61 123
61 114
61 64
61 83
61 87
61 189
62 142
62 163
62 198
62 152
63 115
63 114
63 119
64 97
64 177
65 95
65 175
65 139
65 150
66 161
66 74
66 165
67 134
67 85
67 138
67 136
67 153
68 124
68 140
68 136
68 78
68 193
68 153
69 182
69 98
69 146
69 117
69 70
70 86
70 146
70 73
70 75
71 179
71 107
72 173
72 117
73 107
73 117
74 161
74 132
74 90
74 167
75 117
76 82
76 106
76 169
77 142
77 80
78 160
78 191
78 153
79 127
79 192
79 155
80 142
80 163
80 152
80 100
81 148
81 88
81 120
82 106
83 157
83 194
84 187
84 144
84 119
84 190
84 180
84 151
84 194
85 140
85 89
85 196
86 179
86 108
86 170
87 181
87 178
87 194
87 189
88 148
88 141
89 140
89 126
89 153
90 162
90 130
90 132
90 165
90 131
91 175
91 135
91 137
91 150
92 142
92 100
93 112
93 118
93 168
93 101
94 164
95 154
96 161
96 162
96 132
96 165
96 149
97 144
98 179
98 107
99 171
99 166
99 154
101 183
101 156
101 121
101 192
102 162
102 130
103 184
103 183
103 112
104 162
104 130
104 132
105 195
105 134
106 122
107 179
107 182
107 146
108 146
109 148
110 125
111 132
111 131
113 150
113 139
114 186
114 178
114 115
114 189
115 128
116 196
116 160
116 191
117 179
118 127
119 181
119 178
119 190
122 199
123 186
123 187
124 145
124 134
126 140
127 183
127 185
128 186
128 187
128 144
128 177
129 187
129 180
131 165
131 149
132 167
133 197
134 196
135 150
136 193
137 139
138 196
138 160
139 171
139 166
141 174
142 163
143 164
144 187
144 178
144 177
145 195
145 160
146 188
146 173
147 180
147 189
148 174
149 161
149 167
152 172
153 160
154 166
157 180
157 189
158 184
158 168
159 199
160 191
161 167
168 185
168 192
170 182
171 175
171 197
172 198
178 181
179 188
180 187
180 190
180 189
181 186
181 189
182 188
183 184
183 185
187 189
191 193