500
0 29
0 58
0 33
0 53
0 426
0 418
0 317
1 154
1 399
1 387
1 373
1 62
1 43
1 32
2 12
2 388
2 304
2 359
2 176
2 125
2 100
2 183
2 333
2 465
2 172
2 84
2 447
2 22
2 247
2 325
3 215
3 104
3 324
3 295
3 348
3 97
3 189
3 377
4 223
4 179
4 91
4 272
4 363
4 155
4 496
4 443
4 204
5 300
5 238
5 298
5 210
5 113
5 453
5 124
6 436
6 322
6 175
6 51
6 133
6 486
6 159
6 328
6 219
6 41
6 495
7 190
7 466
7 250
7 9
7 153
7 308
7 470
7 398
7 264
7 177
7 186
7 339
7 66
7 288
7 148
7 26
8 357
8 266
8 431
8 190
8 250
8 157
8 70
8 31
8 26
8 339
8 481
8 392
8 330
8 288
8 243
8 161
8 434
8 132
9 357
9 479
9 431
9 199
9 250
9 157
9 440
9 294
9 308
9 26
9 112
9 66
9 132
10 259
10 388
10 262
10 125
10 255
10 237
10 100
10 333
10 111
10 172
10 319
10 84
10 447
11 136
11 242
11 17
11 457
11 75
11 289
11 170
11 73
11 313
11 484
12 480
12 454
12 388
12 236
12 261
12 465
12 345
12 218
12 483
12 301
12 412
12 176
12 456
12 22
12 76
12 458
13 352
13 324
13 429
13 72
13 270
13 241
14 316
14 312
14 55
14 449
14 50
14 309
14 137
14 90
14 353
14 245
14 213
15 480
15 259
15 176
15 252
15 95
15 149
15 275
15 458
15 319
15 218
15 84
15 182
16 324
16 295
16 189
16 430
16 348
16 224
16 110
16 205
16 270
17 136
17 242
17 385
17 305
17 75
17 73
17 457
17 484
17 99
18 389
18 19
18 306
18 175
18 424
18 133
18 240
18 372
18 307
18 415
18 495
18 464
18 397
18 381
18 379
19 220
19 389
19 452
19 292
19 175
19 164
19 159
19 464
19 397
19 495
20 29
20 233
20 277
20 33
20 282
20 340
20 320
20 93
20 130
21 473
21 28
21 400
21 382
21 167
21 471
21 265
21 498
21 271
21 374
21 139
21 467
21 420
21 331
21 358
21 194
21 342
21 321
21 414
21 142
22 82
22 337
22 362
22 236
22 489
22 273
23 300
23 344
23 260
23 147
23 71
23 239
23 208
23 438
23 291
23 124
24 74
24 482
24 64
24 311
25 28
25 214
25 49
25 395
25 89
25 196
25 257
25 228
25 420
25 185
25 374
25 34
25 86
25 92
26 105
26 431
26 466
26 327
26 140
26 407
26 341
26 398
26 493
26 132
26 410
26 402
26 434
26 148
27 103
27 129
27 127
27 369
27 166
28 473
28 491
28 214
28 89
28 188
28 196
28 44
28 400
28 342
28 331
28 67
28 37
28 414
28 86
28 355
28 492
28 193
28 34
28 374
28 382
28 126
28 145
28 96
28 413
28 228
28 350
28 467
28 98
29 221
29 349
29 233
29 317
29 248
29 93
29 33
29 315
29 478
29 401
29 340
29 320
30 357
30 199
30 157
30 308
30 470
30 398
30 339
30 405
30 134
30 66
30 440
30 81
30 112
30 336
30 201
30 288
31 479
31 250
31 153
31 70
31 470
31 341
31 148
31 186
31 201
31 132
31 462
31 330
31 339
31 481
31 378
32 451
32 52
32 419
32 107
32 62
32 226
33 233
33 478
33 349
33 386
33 58
33 53
33 93
33 347
34 323
34 49
34 400
34 89
34 409
34 468
34 228
34 425
34 96
34 126
34 37
34 193
34 222
34 355
34 230
34 207
34 420
34 321
34 79
34 408
34 217
34 114
35 389
35 293
35 211
35 486
35 499
35 171
35 464
35 381
36 223
36 38
36 443
36 150
37 459
37 491
37 395
37 455
37 400
37 445
37 409
37 257
37 191
37 96
37 126
37 471
37 437
37 433
37 299
37 54
37 230
37 460
37 331
37 114
37 408
37 265
38 404
38 417
38 363
38 91
39 259
39 304
39 82
39 40
39 489
39 172
39 456
39 45
39 465
39 252
39 345
39 59
39 236
39 319
39 362
40 359
40 176
40 183
40 262
40 412
40 337
40 192
40 255
40 125
40 483
40 235
40 345
40 237
40 275
40 165
40 111
41 452
41 432
41 209
41 486
41 328
41 415
41 495
41 397
41 198
42 88
42 449
42 46
42 376
42 353
43 474
43 244
43 419
43 197
43 62
44 459
44 491
44 214
44 49
44 196
44 145
44 256
44 195
44 126
44 265
44 193
44 158
44 498
44 185
44 139
44 413
44 216
44 342
44 230
44 54
45 454
45 304
45 262
45 255
45 362
45 61
45 95
45 149
45 412
45 111
45 286
45 319
45 301
45 59
45 465
45 273
45 456
45 447
45 345
46 316
46 118
46 353
46 137
46 309
46 206
46 146
46 162
46 449
46 231
46 128
46 472
46 280
47 300
47 260
47 173
47 298
47 380
47 291
47 124
47 394
47 488
47 284
48 187
48 184
48 189
48 163
48 270
48 422
48 375
48 326
48 205
49 323
49 395
49 321
49 468
49 360
49 400
49 299
49 455
49 416
49 195
49 228
49 329
49 471
49 89
49 114
49 92
49 57
50 88
50 312
50 118
50 475
50 162
50 303
50 280
50 229
51 452
51 234
51 175
51 211
51 366
51 292
51 424
51 499
52 399
52 474
52 244
52 296
52 373
52 62
52 419
53 478
53 302
53 135
54 459
54 473
54 491
54 395
54 196
54 409
54 468
54 360
54 126
54 265
54 423
54 433
54 271
54 355
54 460
54 408
54 217
54 207
54 414
55 144
55 312
55 364
55 303
56 154
56 451
56 62
56 396
56 387
56 244
57 459
57 67
57 256
57 393
57 207
57 358
57 413
57 423
57 414
57 158
57 126
57 420
57 216
57 408
57 360
57 374
57 92
57 230
57 185
58 254
58 478
58 180
58 386
58 340
58 435
58 276
58 320
59 304
59 337
59 362
59 483
59 494
59 465
59 236
59 476
59 263
59 319
59 489
60 136
60 242
60 246
60 212
60 305
60 283
60 314
60 484
60 99
60 450
61 259
61 304
61 359
61 176
61 125
61 100
61 261
61 362
61 252
61 456
61 263
61 218
61 465
61 182
61 115
61 345
61 412
62 451
62 107
62 178
62 197
62 156
63 272
63 160
63 155
63 150
63 204
63 441
64 442
64 203
64 121
64 446
65 136
65 385
65 246
65 85
65 457
65 305
65 450
65 116
66 357
66 479
66 431
66 190
66 199
66 157
66 161
66 134
66 440
66 81
66 112
66 201
66 336
66 434
67 395
67 445
67 196
67 492
67 367
67 145
67 185
67 413
67 360
67 421
67 433
67 222
67 321
67 207
67 216
67 408
67 230
67 350
67 217
67 139
67 265
67 92
67 437
67 86
67 191
67 414
68 220
68 209
68 322
68 175
68 133
68 415
68 487
69 352
69 215
69 324
69 120
69 310
69 278
69 267
69 422
69 375
69 224
69 97
70 357
70 105
70 157
70 153
70 332
70 402
70 440
70 132
70 462
70 434
70 470
70 405
70 410
71 383
71 438
71 173
71 298
71 384
71 380
71 181
71 113
71 80
71 291
71 394
72 108
72 104
72 120
72 163
72 310
72 202
72 270
72 241
72 375
72 430
73 246
73 457
73 75
73 484
74 94
74 138
74 482
75 85
75 212
75 289
75 170
75 484
75 314
76 480
76 259
76 388
76 304
76 82
76 237
76 362
76 252
76 483
76 95
76 149
76 172
76 275
76 301
76 263
76 192
76 247
76 489
77 455
77 400
77 492
77 145
77 257
77 96
77 126
77 216
77 185
77 374
77 433
77 331
77 342
77 460
77 413
77 142
77 139
77 230
78 106
78 103
78 249
78 351
78 129
78 369
78 127
79 459
79 491
79 214
79 371
79 409
79 367
79 195
79 86
79 126
79 158
79 423
79 498
79 374
79 299
79 92
79 216
79 331
79 437
79 114
80 285
80 391
80 208
80 463
80 384
80 210
80 380
80 101
80 427
81 462
81 405
81 493
81 148
82 454
82 304
82 359
82 100
82 261
82 370
82 337
82 325
82 262
82 263
82 149
82 301
82 458
82 489
82 319
83 293
83 306
83 397
83 159
83 133
83 175
83 219
83 171
83 307
84 304
84 176
84 237
84 483
84 345
84 172
84 275
84 286
84 458
84 489
84 235
84 247
85 490
85 246
85 457
85 314
85 289
85 212
86 459
86 89
86 191
86 96
86 98
86 194
86 216
86 342
86 437
86 126
86 420
86 413
86 271
86 142
86 374
86 222
86 433
86 406
86 299
86 408
88 316
88 128
88 90
88 144
88 303
88 475
89 400
89 371
89 185
89 230
89 358
89 217
89 416
89 492
89 228
89 423
89 329
89 360
89 193
89 414
89 374
89 393
89 188
90 316
90 312
90 475
90 137
90 162
90 449
90 253
91 223
91 417
91 179
91 287
91 443
91 281
91 441
91 204
92 491
92 323
92 395
92 400
92 196
92 256
92 360
92 416
92 96
92 265
92 158
92 406
92 350
92 413
92 467
92 437
92 207
93 232
93 290
93 418
93 135
93 317
93 435
93 347
93 302
94 442
94 203
95 237
95 100
95 183
95 333
95 149
95 476
95 218
95 412
95 465
95 325
95 172
96 473
96 455
96 445
96 468
96 425
96 191
96 408
96 437
96 299
96 358
96 230
96 498
96 342
96 413
96 423
96 467
96 433
97 352
97 108
97 346
97 187
97 310
97 354
97 267
97 270
97 390
97 110
97 326
98 459
98 473
98 400
98 492
98 367
98 145
98 191
98 265
98 193
98 194
98 207
98 271
98 331
98 374
98 185
98 467
98 358
98 406
99 490
99 450
99 143
99 356
99 484
100 480
100 255
100 237
100 337
100 263
100 333
100 165
100 494
100 183
100 319
100 236
100 286
100 235
100 172
101 173
101 147
101 210
101 380
101 291
101 394
101 113
101 124
102 490
102 334
102 170
102 484
102 356
102 457
102 289
102 314
102 246
102 283
103 251
103 444
103 274
104 215
104 324
104 163
104 430
104 224
104 187
104 346
104 202
104 295
105 266
105 479
105 308
105 264
105 112
105 330
105 134
105 481
105 199
105 148
105 186
105 440
105 410
105 434
105 201
106 251
106 279
106 439
106 444
106 368
107 419
107 373
107 296
107 178
107 226
107 122
107 428
107 131
108 352
108 109
108 215
108 497
108 295
108 422
108 477
108 169
109 352
109 422
109 278
109 187
109 346
109 110
109 477
109 497
109 326
110 352
110 429
110 310
110 202
110 278
110 348
110 270
110 224
111 480
111 125
111 255
111 370
111 345
111 236
111 218
111 115
111 182
111 192
112 266
112 479
112 190
112 140
112 332
112 398
112 339
112 161
112 330
112 336
113 285
113 335
113 338
113 438
113 384
113 181
113 427
113 411
113 488
114 491
114 400
114 445
114 367
114 145
114 468
114 382
114 299
114 216
114 414
114 151
114 329
114 194
114 217
114 142
115 262
115 261
115 252
115 333
115 149
115 465
115 172
115 458
115 476
115 218
115 236
115 456
115 489
115 273
116 246
116 212
116 143
116 356
116 484
117 249
117 351
117 129
117 279
117 274
117 469
118 318
118 353
118 213
118 376
118 280
118 206
118 475
119 152
120 346
120 187
120 184
120 354
120 270
120 189
120 403
121 138
121 141
121 123
121 446
122 154
122 226
122 428
122 156
122 131
123 203
123 446
123 311
124 391
124 335
124 260
124 438
124 298
124 147
124 210
124 181
125 454
125 388
125 262
125 255
125 489
125 165
125 476
125 458
125 494
125 362
125 149
125 345
125 319
125 447
125 370
126 459
126 491
126 492
126 367
126 256
126 416
126 228
126 194
126 437
126 188
126 321
126 299
126 230
126 374
126 433
127 444
127 368
127 166
127 369
128 318
128 309
128 280
128 253
129 251
129 249
129 274
129 279
129 469
130 418
130 282
130 302
130 320
130 401
131 156
131 174
132 357
132 431
132 332
132 470
132 462
132 410
132 405
132 264
133 436
133 306
133 175
133 361
133 240
133 397
133 487
134 266
134 153
134 410
134 405
134 493
134 186
134 177
134 402
134 434
135 282
135 317
135 302
135 401
135 340
136 200
136 212
136 289
136 242
136 313
136 385
137 144
137 312
137 364
137 475
137 309
137 231
137 280
138 227
138 297
139 214
139 323
139 492
139 256
139 195
139 406
139 498
139 433
139 299
139 413
139 331
139 230
139 460
139 142
140 357
140 479
140 431
140 199
140 157
140 153
140 407
140 402
140 243
140 434
140 201
140 148
141 203
141 446
141 311
142 491
142 468
142 256
142 191
142 471
142 158
142 222
142 350
142 414
143 242
143 490
143 289
143 314
144 316
144 312
144 475
144 318
144 231
144 206
144 245
144 229
144 213
145 473
145 492
145 367
145 468
145 358
145 423
145 437
145 331
145 416
145 471
145 360
145 191
145 420
146 312
146 318
146 206
146 162
146 303
146 245
146 231
147 285
147 344
147 239
147 383
147 448
147 384
147 181
147 380
147 453
147 291
148 466
148 199
148 157
148 410
148 294
148 177
148 440
148 330
148 434
148 392
149 388
149 494
149 412
149 263
149 235
149 273
149 192
149 182
149 172
149 301
149 456
150 179
150 272
150 363
150 268
150 441
151 214
151 371
151 492
151 468
151 416
151 471
151 265
151 193
151 433
151 271
151 414
151 329
151 408
153 357
153 466
153 327
153 157
153 332
153 330
153 288
153 481
153 405
153 398
153 392
154 296
154 396
154 399
154 244
154 451
155 272
155 496
155 441
156 373
156 197
156 226
157 466
157 470
157 341
157 434
158 323
158 196
158 416
158 193
158 423
158 217
158 185
158 207
159 436
159 452
159 234
159 322
159 175
159 211
159 424
159 269
159 499
159 328
159 381
159 464
159 397
159 415
159 379
160 365
160 417
160 272
160 363
161 266
161 479
161 190
161 308
161 470
161 405
161 493
161 294
161 330
161 402
161 440
161 378
162 449
162 245
163 352
163 215
163 324
163 295
163 169
163 429
163 497
163 267
163 241
163 224
164 436
164 432
164 293
164 269
164 486
164 292
164 175
164 381
165 454
165 262
165 255
165 337
165 183
165 275
165 236
165 263
165 192
165 489
165 447
165 182
166 368
166 274
166 439
166 369
167 395
167 492
167 256
167 382
167 360
167 257
167 423
167 228
167 265
167 271
167 355
167 350
167 498
168 436
168 220
168 209
168 424
168 240
168 372
168 225
168 397
168 461
168 381
168 499
168 292
168 328
168 198
169 352
169 215
169 295
169 187
169 377
169 477
169 189
169 375
169 422
169 205
169 241
169 403
169 278
170 334
170 212
170 305
170 484
171 220
171 307
171 495
171 464
171 381
171 198
172 359
172 261
172 362
172 183
172 275
172 325
172 456
172 489
173 485
173 383
173 438
173 298
173 384
173 181
174 396
174 399
174 419
174 296
174 178
175 452
175 234
175 209
175 322
175 211
175 372
175 379
176 304
176 359
176 262
176 301
176 333
176 192
176 275
177 250
177 332
177 407
177 341
177 405
177 493
177 186
177 294
177 243
177 330
178 399
178 197
179 404
179 417
179 363
180 315
180 349
180 232
180 276
180 317
180 386
181 285
181 485
181 300
181 260
181 208
181 298
181 384
181 210
181 380
181 291
181 394
182 259
182 388
182 262
182 483
182 494
182 345
182 465
182 286
182 236
182 263
182 489
182 218
182 235
182 247
182 273
183 304
183 337
183 362
183 252
183 370
183 483
183 319
183 301
183 275
183 412
183 447
183 273
184 215
184 187
184 377
184 267
184 375
184 390
185 459
185 473
185 491
185 371
185 445
185 468
185 256
185 360
185 228
185 425
185 265
185 423
185 350
185 433
185 467
185 216
185 194
185 271
186 407
186 308
186 493
186 264
186 378
186 294
186 288
186 440
186 330
187 352
187 324
187 346
187 202
187 497
187 241
187 205
187 429
187 477
188 459
188 367
188 468
188 256
188 195
188 425
188 423
188 350
188 433
188 299
188 216
188 355
188 420
188 414
188 207
188 358
188 217
189 352
189 477
189 429
189 422
189 403
189 326
190 357
190 266
190 431
190 466
190 327
190 392
190 462
190 288
190 330
191 214
191 395
191 371
191 492
191 425
191 265
191 329
191 355
191 358
192 262
192 337
192 362
192 370
192 286
192 456
192 263
192 218
193 473
193 371
193 468
193 256
193 393
193 257
193 406
193 420
193 421
193 413
193 423
193 207
193 216
193 194
194 196
194 492
194 256
194 393
194 423
194 355
194 329
194 342
194 217
195 491
195 214
195 395
195 445
195 256
195 382
195 360
195 416
195 257
195 228
195 425
195 420
195 421
195 374
195 423
195 498
195 467
195 230
195 331
196 473
196 214
196 400
196 445
196 409
196 228
196 265
196 358
196 271
196 230
196 355
196 350
196 414
196 423
196 468
196 216
198 220
198 234
198 209
198 322
198 240
198 487
198 307
198 415
198 397
198 379
199 357
199 327
199 250
199 398
199 330
199 440
199 410
200 242
200 305
201 357
201 479
201 327
201 308
201 462
201 405
201 378
201 330
201 336
201 392
201 243
201 288
202 295
202 278
202 267
202 422
202 224
203 442
203 227
203 482
204 287
204 281
204 268
205 215
205 346
205 430
206 364
206 213
206 303
206 449
206 245
207 455
207 382
207 416
207 423
207 433
207 271
207 413
207 467
207 216
207 230
207 420
207 331
207 321
207 408
208 260
208 239
208 383
208 438
208 210
208 291
209 436
209 306
209 234
209 322
209 225
209 219
209 366
209 379
209 372
209 487
210 485
210 238
210 384
210 380
210 411
211 436
211 452
211 269
211 372
211 461
211 381
211 397
211 464
211 361
211 240
211 292
211 219
212 242
212 334
212 457
212 484
212 356
212 314
213 316
213 364
213 376
213 309
213 253
214 473
214 491
214 323
214 374
214 498
214 416
214 423
214 216
214 414
214 228
214 382
214 257
214 409
214 413
215 324
215 224
215 477
215 310
215 403
215 390
215 375
215 429
216 473
216 455
216 400
216 371
216 445
216 468
216 256
216 425
216 423
216 467
216 420
216 321
216 460
216 408
217 256
217 471
217 355
217 420
217 358
218 480
218 252
218 483
219 361
219 487
219 307
219 495
219 381
219 464
220 436
220 389
220 293
220 234
220 487
220 452
220 486
221 254
221 426
221 317
221 276
221 340
221 232
222 455
222 400
222 468
222 257
222 228
222 265
222 406
222 498
222 331
222 467
222 420
222 271
222 413
222 355
222 342
223 365
223 404
223 268
223 281
223 417
223 496
224 352
224 295
224 377
224 477
224 403
224 267
224 430
224 241
224 326
225 436
225 432
225 424
225 372
225 415
225 495
226 419
226 387
226 296
226 428
227 442
228 459
228 491
228 395
228 455
228 371
228 409
228 492
228 393
228 350
228 299
228 421
228 329
228 358
228 498
229 364
229 231
229 253
230 367
230 406
230 299
230 413
230 460
230 321
230 342
230 420
230 408
231 316
231 472
231 280
232 254
232 478
232 349
232 290
232 320
232 302
232 435
232 276
233 254
233 315
233 302
233 349
233 290
233 435
233 277
234 436
234 452
234 293
234 306
234 372
234 292
234 461
235 388
235 262
235 252
235 476
236 359
236 237
236 333
236 345
236 458
236 301
236 476
237 454
237 304
237 255
237 333
237 456
237 337
237 494
237 370
237 465
238 300
238 338
238 394
238 380
239 260
239 383
240 389
240 432
240 322
240 381
240 499
240 307
240 372
240 269
241 324
241 429
241 403
241 278
241 390
242 283
242 450
243 308
243 341
243 339
243 481
243 410
243 330
243 392
243 288
244 451
244 474
244 419
244 387
244 428
245 312
245 364
245 472
245 303
246 334
246 305
247 337
247 261
247 412
247 489
247 447
247 325
248 478
248 349
248 418
248 277
248 401
249 444
249 351
249 369
249 279
250 357
250 327
250 294
250 481
250 462
251 444
252 480
252 261
252 370
252 458
252 489
252 319
252 325
252 412
252 447
253 316
253 318
254 258
254 426
254 349
254 478
255 359
255 494
255 333
255 362
255 412
256 395
256 367
256 468
256 331
256 271
256 406
256 498
256 358
256 393
257 473
257 491
257 455
257 371
257 367
257 360
257 416
257 498
257 408
257 374
258 340
258 320
258 302
258 315
258 478
258 435
259 480
259 454
259 301
259 337
259 333
259 465
259 388
259 362
260 300
260 338
260 411
260 427
261 262
261 337
261 362
261 476
261 489
261 319
261 325
261 273
261 345
262 345
262 263
262 319
262 362
262 273
262 456
262 447
263 388
263 362
263 412
263 301
263 273
263 325
264 357
264 332
264 407
264 462
264 493
264 378
264 336
264 288
264 434
265 459
265 409
265 382
265 471
265 433
265 421
266 357
266 431
266 493
266 479
266 405
266 288
266 330
267 352
267 295
267 429
267 278
267 354
267 430
267 390
267 422
267 348
268 441
269 436
269 432
269 487
269 461
269 486
269 379
269 381
270 429
270 310
270 278
270 348
270 375
271 491
271 445
271 409
271 393
271 433
271 421
271 374
271 408
271 329
271 414
271 460
271 342
271 331
272 281
272 363
272 443
273 388
273 301
273 447
274 368
274 279
274 439
274 369
274 469
275 480
275 465
275 286
275 301
275 319
276 315
276 401
276 320
276 302
277 349
277 386
277 282
277 317
277 302
278 354
279 368
280 376
280 303
281 287
282 426
282 418
282 302
283 289
283 313
283 450
284 285
284 391
284 298
284 448
284 384
284 291
284 427
284 453
284 488
285 391
285 344
285 411
285 453
285 338
285 383
286 388
286 304
286 337
286 412
286 456
287 363
287 496
288 308
288 462
288 339
288 493
289 457
289 313
289 356
289 450
290 478
290 349
290 386
290 340
291 391
291 300
291 384
291 427
292 389
292 322
292 372
292 487
292 381
292 495
292 415
292 499
293 436
294 479
294 327
294 470
294 341
294 462
294 410
294 493
294 392
294 402
295 346
295 390
296 399
296 387
296 373
297 482
298 338
298 463
298 453
298 411
299 445
299 360
299 374
299 331
299 467
299 413
299 408
300 391
300 335
300 384
301 388
301 337
301 333
301 458
301 476
301 447
302 315
302 349
302 426
302 320
303 364
303 318
303 376
304 388
304 359
304 458
305 385
305 314
305 356
305 450
306 432
306 372
306 464
306 461
306 381
306 486
307 424
307 461
307 415
307 379
308 332
308 407
309 475
310 477
310 403
310 326
310 375
312 376
312 449
312 475
313 385
313 490
313 457
313 314
313 356
314 385
314 450
315 478
315 317
316 376
317 349
317 386
317 426
317 435
318 364
318 472
318 376
319 494
319 333
319 412
319 476
319 489
319 447
320 478
320 349
320 435
320 340
320 347
321 323
321 395
321 455
321 492
321 471
321 413
321 467
321 355
321 358
321 414
322 432
322 495
322 461
323 459
323 400
323 355
323 406
323 331
323 409
323 413
323 471
323 371
323 416
324 497
324 375
324 354
324 348
325 359
325 483
325 333
325 489
326 497
326 348
326 390
327 357
327 466
327 493
327 330
327 341
327 462
328 432
329 400
329 393
329 471
329 498
329 421
329 413
329 437
329 408
330 479
330 332
330 341
330 462
330 378
330 440
330 402
330 392
331 455
331 409
331 468
331 360
331 498
331 421
331 374
331 420
332 431
332 466
332 407
332 405
332 493
332 392
333 362
333 483
333 494
333 345
335 391
335 485
335 384
335 488
335 463
335 380
336 431
336 341
336 462
336 378
336 434
336 392
337 494
337 447
338 344
338 383
338 453
339 357
339 431
339 407
339 470
339 462
339 410
339 405
339 481
340 386
340 418
340 435
340 347
341 357
341 407
341 470
341 493
341 402
342 491
342 395
342 400
342 367
342 468
342 393
342 425
342 406
342 358
342 408
344 391
344 485
344 383
344 448
344 380
344 411
344 394
345 362
345 465
345 456
345 458
346 375
347 478
347 426
349 418
350 473
350 371
350 492
350 393
350 423
350 406
350 498
350 437
350 358
351 368
351 439
352 375
352 354
352 429
353 364
353 376
354 477
354 403
354 422
355 455
355 492
355 367
355 382
355 413
355 420
355 408
356 490
356 484
357 462
357 398
357 434
358 491
358 400
358 409
358 492
358 367
358 421
358 374
358 413
359 454
360 400
360 468
360 416
360 406
360 425
360 413
360 433
360 420
361 424
361 461
361 415
361 499
363 443
364 472
365 496
366 424
366 372
367 473
367 371
367 492
367 414
367 425
367 498
367 413
367 406
367 468
367 382
369 444
369 439
370 388
370 456
371 459
371 395
371 445
371 423
371 467
371 414
371 468
372 452
372 381
372 379
372 487
373 451
373 387
373 428
374 473
374 468
374 471
374 498
374 421
374 437
375 429
375 430
375 422
376 475
376 472
376 449
377 477
377 430
378 479
378 466
378 407
378 481
380 485
380 394
381 424
381 499
381 397
382 473
382 395
382 400
382 393
382 421
382 471
382 413
382 437
383 485
383 384
383 448
383 488
384 485
384 394
384 488
385 490
385 450
386 418
386 426
387 419
388 483
389 436
389 486
390 477
390 429
390 497
390 422
391 485
391 453
391 438
391 427
392 466
392 402
392 434
393 459
393 471
393 416
393 437
393 406
393 408
394 427
394 488
395 455
395 423
395 437
395 460
395 445
396 451
396 399
397 432
397 487
397 461
397 464
398 407
398 462
399 474
399 419
400 459
400 455
400 467
400 420
400 409
400 498
400 414
401 435
402 440
403 477
403 429
403 497
403 430
404 417
404 441
405 462
405 481
405 434
406 459
406 492
406 423
407 481
407 462
407 440
408 492
408 416
408 471
408 433
408 467
408 420
409 455
409 445
409 492
409 471
409 413
410 431
410 481
410 434
410 493
411 438
411 448
411 453
412 494
412 447
413 473
413 471
413 423
413 420
414 473
414 492
414 468
414 460
415 452
415 432
416 468
416 425
417 496
418 426
418 435
420 491
420 425
420 498
420 433
420 437
421 459
421 455
422 477
422 497
423 459
423 467
424 436
425 473
425 455
426 478
427 463
427 448
427 488
428 451
431 479
431 470
432 436
432 452
432 499
432 486
433 445
433 498
433 467
434 479
434 440
436 495
437 455
437 492
437 460
438 488
439 444
439 469
440 466
441 496
442 446
443 496
445 491
445 460
446 482
448 463
450 484
452 486
452 495
454 480
454 456
455 473
455 471
456 483
456 458
458 476
459 473
460 492
461 487
461 486
461 499
463 488
465 489
468 491
470 481
471 491
473 491
476 480
477 497
480 494
483 494
483 489
486 487
487 499
487 495
489 494